SPP:setName = SNDWAY LDM STUDIO
SPP:saveConfigure 

0.46m
ATD00U00000000A#
65,84,68,0,0,17,218,0,0,0,0,0,0,0,0,196,35,
ATD00U00000000A#
65,84,68,0,0,17,218,0,0,0,0,0,0,0,0,196,35,
ATD00U00000000A#
65,84,68,0,0,17,218,0,0,0,0,0,0,0,0,196,35,

0.45
ATR001#
#0 yy000000000000-000K
35,0,32,255,255,0,0,0,0,0,0,0,0,0,0,0,0,45,0,0,0,75,

1.89
ATR001#
#0 yy000000000000?000U
35,0,32,255,255,0,0,0,0,0,0,0,0,0,0,0,0,189,0,0,0,219,

ATK00C#
1.83-0x4786-18310
ATD00G?00000000¦#
65,84,68,0,0,71(0x47),134(0x86),0,0,0,0,0,0,0,0,166,35,

1.87-0x490c-18700
4.79-0xBB08-47880

ATK01F#
ATA00000000O#
65,84,65,0,0,0,0,0,0,0,0,214,35,

ATK018#
ATR00c#
65,84,82,0,0,231,35,

ATK019#
ATD00R00000000B#
65,84,68,0,0,23,82,0,0,0,0,0,0,0,0,66,35,

ATKFFF#
#yyyyyyyyyyyyyyyyyyy0i
35,255,255,255,255,255,255,255,255,255,255,255,255,255,255,255,255,255,255,255,0,237,

